1183
73
606
607
446
580
431
1079
854
1966
1716
56
1525
575
1483
1922
728
2011
1690
894
1541
887
1508
1827
1031
717
702
1201
1262
1695
1710
1539
1937
1982
1385
390
403
389
742
109
1196
997
1739
752
1349
1751
192
995
1244
1108
751
353
43
22
420
2013
1120
851
1955
1830
521
1708
690
1447
1835
1146
947
809
411
1641
1840
2010
1590
213
1768
1069
273
940
515
413
476
675
1591
994
397
934
735
493
2015
500
490
1485
1622
1681
1084
679
480
1475
1831
40
438
435
336
1274
1871
1748
759
135
1040
461
63
571
896
884
1481
2009
218
970
183
581
1245
1512
716
830
275
673
205
1200
926
1324
638
1434
41
335
519
1315
366
764
451
252
1645
1664
1007
1604
278
79
737
1269
1866
910
1706
1099
1298
838
1401
406
1056
1343
1741
149
621
1616
2014
223
1815
682
85
1072
1669
465
1261